INFO: 2023-06-13 21:51:36,537: Data
INFO: 2023-06-13 21:51:39,522: Data shape (110527, 14)
INFO: 2023-06-13 21:51:46,888: Percentage of women: 0.653882342398853
INFO: 2023-06-13 21:51:50,316: Percentage of men: 0.346117657601147
ERROR: 2023-06-13 21:51:54,336: Data shape is incorrect!
